    0    0  -20    0    0    0    3    1    1   60   20   20
    0    0  -40    0    0    0    3    1    1   60   20   20
    0    0  -60    0    0    0    3    1    1   60   20   20
    0    0  -80    0    0    0    3    1    1   60   20   20
   20   20 -140    0    0    0    1    1    3   20   20   60
    0   20 -140    0    0    0    1    1    3   20   20   60
  -20   20 -140    0    0    0    1    1    3   20   20   60
  -40   20 -140    0    0    0    1    1    3   20   20   60
  -60   20 -140    0    0    0    1    1    3   20   20   60
  -80   20 -140    0    0    0    1    1    3   20   20   60
 -100   20 -140    0    0    0    1    1    3   20   20   60
 -120   20 -140    0    0    0    1    1    3   20   20   60
 -140   20 -140    0    0    0    1    1    3   20   20   60
 -160   20 -140    0    0    0    1    1    3   20   20   60
 -180   20 -140    0    0    0    1    1    3   20   20   60
 -200   20 -140    0    0    0    1    1    3   20   20   60
 -180   20 -180    0    0    0    3    1    1   60   20   20
 -180   20 -200    0    0    0    3    1    1   60   20   20
 -180   20 -220    0    0    0    3    1    1   60   20   20
 -180   20 -240    0    0    0    3    1    1   60   20   20
 -180   20 -260    0    0    0    3    1    1   60   20   20
                   0    0    0    1    1    1   20   20   20
                   0    0    0    1    1    1   20   20   20
                   0    0    0    1    1    1   20   20   20
                   0    0    0    1    1    1   20   20   20
                   0    0    0    1    1    1   20   20   20
                   0    0    0    1    1    1   20   20   20
                   0    0    0    1    1    1   20   20   20
                   0    0    0    1    1    1   20   20   20
                   0    0    0    1    1    1   20   20   20
                   0    0    0    1    1    1   20   20   20
                   0    0    0    1    1    1   20   20   20
                   0    0    0    1    1    1   20   20   20
                   0    0    0    1    1    1   20   20   20
                   0    0    0    1    1    1   20   20   20
                   0    0    0    1    1    1   20   20   20
                   0    0    0    1    1    1   20   20   20
                   0    0    0    1    1    1   20   20   20
                   0    0    0    1    1    1   20   20   20
                   0    0    0    1    1    1   20   20   20
                   0    0    0    1    1    1   20   20   20
                   0    0    0    1    1    1   20   20   20
                   0    0    0    1    1    1   20   20   20
                   0    0    0    1    1    1   20   20   20
                   0    0    0    1    1    1   20   20   20
                   0    0    0    1    1    1   20   20   20
                   0    0    0    1    1    1   20   20   20
                   0    0    0    1    1    1   20   20   20
                   0    0    0    1    1    1   20   20   20
                   0    0    0    1    1    1   20   20   20
                   0    0    0    1    1    1   20   20   20
                   0    0    0    1    1    1   20   20   20
                   0    0    0    1    1    1   20   20   20
                   0    0    0    1    1    1   20   20   20
                   0    0    0    1    1    1   20   20   20
                   0    0    0    1    1    1   20   20   20
                   0    0    0    1    1    1   20   20   20
                   0    0    0    1    1    1   20   20   20
                   0    0    0    1    1    1   20   20   20
                   0    0    0    1    1    1   20   20   20
                   0    0    0    1    1    1   20   20   20
                   0    0    0    1    1    1   20   20   20
                   0    0    0    1    1    1   20   20   20
                   0    0    0    1    1    1   20   20   20
                   0    0    0    1    1    1   20   20   20
                   0    0    0    1    1    1   20   20   20
                   0    0    0    1    1    1   20   20   20
                   0    0    0    1    1    1   20   20   20
                   0    0    0    1    1    1   20   20   20
                   0    0    0    1    1    1   20   20   20
                   0    0    0    1    1    1   20   20   20
                   0    0    0    1    1    1   20   20   20
                   0    0    0    1    1    1   20   20   20
                   0    0    0    1    1    1   20   20   20
                   0    0    0    1    1    1   20   20   20
                   0    0    0    1    1    1   20   20   20
                   0    0    0    1    1    1   20   20   20
                   0    0    0    1    1    1   20   20   20
                   0    0    0    1    1    1   20   20   20
                   0    0    0    1    1    1   20   20   20
                   0    0    0    1    1    1   20   20   20
                   0    0    0    1    1    1   20   20   20
                   0    0    0    1    1    1   20   20   20
                   0    0    0    1    1    1   20   20   20
                   0    0    0    1    1    1   20   20   20
                   0    0    0    1    1    1   20   20   20
                   0    0    0    1    1    1   20   20   20
                   0    0    0    1    1    1   20   20   20
                   0    0    0    1    1    1   20   20   20
                   0    0    0    1    1    1   20   20   20
                   0    0    0    1    1    1   20   20   20
                   0    0    0    1    1    1   20   20   20
                   0    0    0    1    1    1   20   20   20
                   0    0    0    1    1    1   20   20   20
                   0    0    0    1    1    1   20   20   20
                   0    0    0    1    1    1   20   20   20
                   0    0    0    1    1    1   20   20   20
                   0    0    0    1    1    1   20   20   20
                   0    0    0    1    1    1   20   20   20
                   0    0    0    1    1    1   20   20   20
